1000 960 2440 2400 0 2
1000 12720 2440 14160 0 2
1860 120 3300 1560 0 2
1860 8520 3300 9960 0 2
1860 11880 3300 13320 0 2
1860 20280 3300 21720 0 2
1860 24480 3300 25920 0 2
2720 960 4160 2400 0 2
2720 12720 4160 14160 0 2
3580 120 5020 1560 0 2
3580 8520 5020 9960 0 2
3580 11880 5020 13320 0 2
3580 20280 5020 21720 0 2
3580 24480 5020 25920 0 2
4440 960 5880 2400 0 2
4440 12720 5880 14160 0 2
5300 120 6740 1560 0 2
5300 8520 6740 9960 0 2
5300 11880 6740 13320 0 2
5300 20280 6740 21720 0 2
5300 24480 6740 25920 0 2
6160 960 7600 2400 0 2
6160 12720 7600 14160 0 2
7020 120 8460 1560 0 2
7020 8520 8460 9960 0 2
7020 11880 8460 13320 0 2
7020 20280 8460 21720 0 2
7020 24480 8460 25920 0 2
7880 960 9320 2400 0 2
7880 12720 9320 14160 0 2
8740 120 10180 1560 0 2
8740 8520 10180 9960 0 2
8740 11880 10180 13320 0 2
8740 20280 10180 21720 0 2
8740 24480 10180 25920 0 2
9600 960 11040 2400 0 2
9600 12720 11040 14160 0 2
13040 960 14480 2400 0 2
13040 12720 14480 14160 0 2
13900 120 15340 1560 0 2
13900 8520 15340 9960 0 2
13900 11880 15340 13320 0 2
13900 20280 15340 21720 0 2
13900 24480 15340 25920 0 2
14760 960 16200 2400 0 2
14760 12720 16200 14160 0 2
15620 120 17060 1560 0 2
15620 8520 17060 9960 0 2
15620 11880 17060 13320 0 2
15620 20280 17060 21720 0 2
15620 24480 17060 25920 0 2
16480 960 17920 2400 0 2
16480 12720 17920 14160 0 2
17340 120 18780 1560 0 2
17340 8520 18780 9960 0 2
17340 11880 18780 13320 0 2
17340 20280 18780 21720 0 2
17340 24480 18780 25920 0 2
18200 960 19640 2400 0 2
18200 12720 19640 14160 0 2
19060 120 20500 1560 0 2
19060 8520 20500 9960 0 2
19060 11880 20500 13320 0 2
19060 20280 20500 21720 0 2
19060 24480 20500 25920 0 2
19920 960 21360 2400 0 2
19920 12720 21360 14160 0 2
20780 120 22220 1560 0 2
20780 8520 22220 9960 0 2
20780 11880 22220 13320 0 2
20780 20280 22220 21720 0 2
20780 24480 22220 25920 0 2
21640 960 23080 2400 0 2
21640 12720 23080 14160 0 2
4520 1040 5800 2320 1 2
4520 12800 5800 14080 1 2
4520 24560 5800 25840 1 2
5380 8600 6660 9880 1 2
5380 9440 6660 10720 1 2
5380 20360 6660 21640 1 2
6240 200 7520 1480 1 2
6240 1880 7520 3160 1 2
6240 11960 7520 13240 1 2
16560 200 17840 1480 1 2
16560 1880 17840 3160 1 2
16560 11960 17840 13240 1 2
17420 8600 18700 9880 1 2
17420 9440 18700 10720 1 2
17420 20360 18700 21640 1 2
18280 1040 19560 2320 1 2
18280 12800 19560 14080 1 2
18280 24560 19560 25840 1 2
18120 16840 19720 18440 2 2
-800 -800 800 800 3 2
22880 16840 24480 18440 3 2
