780 1400 11260 1960 1 2
780 1400 11260 1960 2 2
760 1400 11280 1960 0 2
760 1400 11280 1960 1 2
780 13160 11260 13720 1 2
780 13160 11260 13720 2 2
760 13160 11280 13720 0 2
760 13160 11280 13720 1 2
1470 220 1970 8180 0 2
1470 220 1970 8180 1 2
1470 11980 1970 19940 0 2
1470 11980 1970 19940 1 2
1640 560 10400 1120 1 2
1640 560 10400 1120 2 2
1620 560 10420 1120 0 2
1620 560 10420 1120 1 2
1640 8960 10400 9520 1 2
1640 8960 10400 9520 2 2
1620 8960 10420 9520 0 2
1620 8960 10420 9520 1 2
1640 12320 10400 12880 1 2
1640 12320 10400 12880 2 2
1620 12320 10420 12880 0 2
1620 12320 10420 12880 1 2
1640 20720 10400 21280 1 2
1640 20720 10400 21280 2 2
1620 20720 10420 21280 0 2
1620 20720 10420 21280 1 2
1640 24920 10400 25480 1 2
1640 24920 10400 25480 2 2
1620 24920 10420 25480 0 2
1620 24920 10420 25480 1 2
2330 220 2830 8180 0 2
2330 220 2830 8180 1 2
2330 7780 2830 10700 0 2
2330 7780 2830 10700 1 2
2330 11980 2830 19940 0 2
2330 11980 2830 19940 1 2
2330 19540 2830 22460 0 2
2330 19540 2830 22460 1 2
2330 23740 2830 26660 0 2
2330 23740 2830 26660 1 2
3190 220 3690 8180 0 2
3190 220 3690 8180 1 2
3190 11980 3690 19940 0 2
3190 11980 3690 19940 1 2
4050 220 4550 8180 0 2
4050 220 4550 8180 1 2
4050 7780 4550 10700 0 2
4050 7780 4550 10700 1 2
4050 11980 4550 19940 0 2
4050 11980 4550 19940 1 2
4050 19540 4550 22460 0 2
4050 19540 4550 22460 1 2
4050 23740 4550 26660 0 2
4050 23740 4550 26660 1 2
4880 710 5440 26170 2 2
4880 710 5440 26170 3 2
4880 760 5440 26120 1 2
4880 760 5440 26120 2 2
4910 220 5410 8180 0 2
4910 220 5410 8180 1 2
4910 11980 5410 19940 0 2
4910 11980 5410 19940 1 2
5770 220 6270 8180 0 2
5770 220 6270 8180 1 2
5770 7780 6270 10700 0 2
5770 7780 6270 10700 1 2
5770 11980 6270 19940 0 2
5770 11980 6270 19940 1 2
5770 19540 6270 22460 0 2
5770 19540 6270 22460 1 2
5770 23740 6270 26660 0 2
5770 23740 6270 26660 1 2
5960 2240 7800 2800 1 2
5960 2240 7800 2800 2 2
5940 2240 7820 2800 0 2
5940 2240 7820 2800 1 2
6600 -130 7160 13570 2 2
6600 -130 7160 13570 3 2
6600 -80 7160 13520 1 2
6600 -80 7160 13520 2 2
6600 1500 7160 3540 2 2
6600 1500 7160 3540 3 2
6600 1550 7160 3490 1 2
6600 1550 7160 3490 2 2
6600 1550 7160 3490 2 2
6600 1550 7160 3490 3 2
6600 1600 7160 3440 1 2
6600 1600 7160 3440 2 2
6630 220 7130 8180 0 2
6630 220 7130 8180 1 2
6630 11980 7130 19940 0 2
6630 11980 7130 19940 1 2
6280 2240 17800 2800 1 2
6280 2240 17800 2800 2 2
6260 2240 17820 2800 0 2
6260 2240 17820 2800 1 2
7490 220 7990 8180 0 2
7490 220 7990 8180 1 2
7490 7780 7990 10700 0 2
7490 7780 7990 10700 1 2
7490 11980 7990 19940 0 2
7490 11980 7990 19940 1 2
7490 19540 7990 22460 0 2
7490 19540 7990 22460 1 2
7490 23740 7990 26660 0 2
7490 23740 7990 26660 1 2
8350 220 8850 8180 0 2
8350 220 8850 8180 1 2
8350 11980 8850 19940 0 2
8350 11980 8850 19940 1 2
9210 220 9710 8180 0 2
9210 220 9710 8180 1 2
9210 7780 9710 10700 0 2
9210 7780 9710 10700 1 2
9210 11980 9710 19940 0 2
9210 11980 9710 19940 1 2
9210 19540 9710 22460 0 2
9210 19540 9710 22460 1 2
9210 23740 9710 26660 0 2
9210 23740 9710 26660 1 2
10070 220 10570 8180 0 2
10070 220 10570 8180 1 2
10070 11980 10570 19940 0 2
10070 11980 10570 19940 1 2
12820 1400 23300 1960 1 2
12820 1400 23300 1960 2 2
12800 1400 23320 1960 0 2
12800 1400 23320 1960 1 2
12820 13160 23300 13720 1 2
12820 13160 23300 13720 2 2
12800 13160 23320 13720 0 2
12800 13160 23320 13720 1 2
13510 220 14010 8180 0 2
13510 220 14010 8180 1 2
13510 11980 14010 19940 0 2
13510 11980 14010 19940 1 2
13680 560 22440 1120 1 2
13680 560 22440 1120 2 2
13660 560 22460 1120 0 2
13660 560 22460 1120 1 2
13680 8960 22440 9520 1 2
13680 8960 22440 9520 2 2
13660 8960 22460 9520 0 2
13660 8960 22460 9520 1 2
13680 12320 22440 12880 1 2
13680 12320 22440 12880 2 2
13660 12320 22460 12880 0 2
13660 12320 22460 12880 1 2
13680 20720 22440 21280 1 2
13680 20720 22440 21280 2 2
13660 20720 22460 21280 0 2
13660 20720 22460 21280 1 2
13680 24920 22440 25480 1 2
13680 24920 22440 25480 2 2
13660 24920 22460 25480 0 2
13660 24920 22460 25480 1 2
14370 220 14870 8180 0 2
14370 220 14870 8180 1 2
14370 7780 14870 10700 0 2
14370 7780 14870 10700 1 2
14370 11980 14870 19940 0 2
14370 11980 14870 19940 1 2
14370 19540 14870 22460 0 2
14370 19540 14870 22460 1 2
14370 23740 14870 26660 0 2
14370 23740 14870 26660 1 2
15230 220 15730 8180 0 2
15230 220 15730 8180 1 2
15230 11980 15730 19940 0 2
15230 11980 15730 19940 1 2
16090 220 16590 8180 0 2
16090 220 16590 8180 1 2
16090 7780 16590 10700 0 2
16090 7780 16590 10700 1 2
16090 11980 16590 19940 0 2
16090 11980 16590 19940 1 2
16090 19540 16590 22460 0 2
16090 19540 16590 22460 1 2
16090 23740 16590 26660 0 2
16090 23740 16590 26660 1 2
16280 2240 18120 2800 1 2
16280 2240 18120 2800 2 2
16260 2240 18140 2800 0 2
16260 2240 18140 2800 1 2
16920 -130 17480 13570 2 2
16920 -130 17480 13570 3 2
16920 -80 17480 13520 1 2
16920 -80 17480 13520 2 2
16920 1500 17480 3540 2 2
16920 1500 17480 3540 3 2
16920 1550 17480 3490 1 2
16920 1550 17480 3490 2 2
16920 1550 17480 3490 2 2
16920 1550 17480 3490 3 2
16920 1600 17480 3440 1 2
16920 1600 17480 3440 2 2
16950 220 17450 8180 0 2
16950 220 17450 8180 1 2
16950 11980 17450 19940 0 2
16950 11980 17450 19940 1 2
17810 220 18310 8180 0 2
17810 220 18310 8180 1 2
17810 7780 18310 10700 0 2
17810 7780 18310 10700 1 2
17810 11980 18310 19940 0 2
17810 11980 18310 19940 1 2
17810 19540 18310 22460 0 2
17810 19540 18310 22460 1 2
17810 23740 18310 26660 0 2
17810 23740 18310 26660 1 2
18640 710 19200 26170 2 2
18640 710 19200 26170 3 2
18640 760 19200 26120 1 2
18640 760 19200 26120 2 2
18670 220 19170 8180 0 2
18670 220 19170 8180 1 2
18670 11980 19170 19940 0 2
18670 11980 19170 19940 1 2
19530 220 20030 8180 0 2
19530 220 20030 8180 1 2
19530 7780 20030 10700 0 2
19530 7780 20030 10700 1 2
19530 11980 20030 19940 0 2
19530 11980 20030 19940 1 2
19530 19540 20030 22460 0 2
19530 19540 20030 22460 1 2
19530 23740 20030 26660 0 2
19530 23740 20030 26660 1 2
20390 220 20890 8180 0 2
20390 220 20890 8180 1 2
20390 11980 20890 19940 0 2
20390 11980 20890 19940 1 2
21250 220 21750 8180 0 2
21250 220 21750 8180 1 2
21250 7780 21750 10700 0 2
21250 7780 21750 10700 1 2
21250 11980 21750 19940 0 2
21250 11980 21750 19940 1 2
21250 19540 21750 22460 0 2
21250 19540 21750 22460 1 2
21250 23740 21750 26660 0 2
21250 23740 21750 26660 1 2
22110 220 22610 8180 0 2
22110 220 22610 8180 1 2
22110 11980 22610 19940 0 2
22110 11980 22610 19940 1 2
