780 1400 4380 1960 1 2
780 1400 4380 1960 2 2
760 1400 4400 1960 0 2
760 1400 4400 1960 1 2
780 13160 4380 13720 1 2
780 13160 4380 13720 2 2
760 13160 4400 13720 0 2
760 13160 4400 13720 1 2
780 16520 4380 17080 1 2
780 16520 4380 17080 2 2
760 16520 4400 17080 0 2
760 16520 4400 17080 1 2
780 28280 4380 28840 1 2
780 28280 4380 28840 2 2
760 28280 4400 28840 0 2
760 28280 4400 28840 1 2
1440 710 2000 14410 2 2
1440 710 2000 14410 3 2
1440 760 2000 14360 1 2
1440 760 2000 14360 2 2
1440 15830 2000 29530 2 2
1440 15830 2000 29530 3 2
1440 15880 2000 29480 1 2
1440 15880 2000 29480 2 2
1470 6940 1970 14900 0 2
1470 6940 1970 14900 1 2
1470 15340 1970 23300 0 2
1470 15340 1970 23300 1 2
1640 14000 5240 14560 1 2
1640 14000 5240 14560 2 2
1620 14000 5260 14560 0 2
1620 14000 5260 14560 1 2
1640 15680 5240 16240 1 2
1640 15680 5240 16240 2 2
1620 15680 5260 16240 0 2
1620 15680 5260 16240 1 2
2330 220 2830 3140 0 2
2330 220 2830 3140 1 2
2330 4420 2830 7340 0 2
2330 4420 2830 7340 1 2
2330 6940 2830 14900 0 2
2330 6940 2830 14900 1 2
2330 15340 2830 23300 0 2
2330 15340 2830 23300 1 2
2330 22900 2830 25820 0 2
2330 22900 2830 25820 1 2
2330 27100 2830 30020 0 2
2330 27100 2830 30020 1 2
3190 6940 3690 14900 0 2
3190 6940 3690 14900 1 2
3190 15340 3690 23300 0 2
3190 15340 3690 23300 1 2
3360 14000 5240 14560 1 2
3360 14000 5240 14560 2 2
3340 14000 5260 14560 0 2
3340 14000 5260 14560 1 2
3360 15680 5240 16240 1 2
3360 15680 5240 16240 2 2
3340 15680 5260 16240 0 2
3340 15680 5260 16240 1 2
3380 14000 5220 14560 1 2
3380 14000 5220 14560 2 2
3360 14000 5240 14560 0 2
3360 14000 5240 14560 1 2
3380 15680 5220 16240 1 2
3380 15680 5220 16240 2 2
3360 15680 5240 16240 0 2
3360 15680 5240 16240 1 2
4050 13660 4550 14900 0 2
4050 13660 4550 14900 1 2
4050 13830 4550 16410 0 2
4050 13830 4550 16410 1 2
4050 15340 4550 16580 0 2
4050 15340 4550 16580 1 2
